26.2052 10.7781 10.3978 -1.27786e-18 1.02211e-16 -4.76809e-17 -2.20678e-17 -2.9593e-17 -4.91e-07
10.7781 26.2052 10.3978 -6.4615e-18 1.01388e-17 -1.0649e-16 -5.42069e-17 -5.30765e-17 -4.91e-07
10.3978 10.3978 26.0689 -3.919e-17 -9.88009e-17 -1.80213e-17 -4.12642e-17 1.97029e-16 -5.14216e-17
0.0775194 -4.24843e-14 -4.21822e-14 5.16613e-29 -1.92601e-17 5.48145 -1.29233e-23 -8.12772e-19 1.1285e-24
-4.45724e-14 0.0775194 -4.31495e-14 5.48145 1.07881e-30 4.78125e-17 -4.33904e-22 -1.14732e-22 2.25893e-22
0.0775194 -3.69023e-14 -4.27118e-14 -1.63535e-28 5.48145 -4.91829e-17 -3.18627e-22 -1.6273e-22 -2.79866e-25
5.55679e-12 -1.04365e-11 -1.92835e-12 1.18194e-12 6.14305e-13 -2.57835e-12 1.0625e-10 -1.34665e-27 7.85476e-21
-1.61564e-12 -3.14112e-12 6.95425e-12 1.83379e-13 2.90105e-14 -1.18532e-12 -5.40396e-28 1.0625e-10 -1.31484e-19
-9.82e-05 -9.82e-05 6.3e-05 2.60024e-13 9.66011e-14 4.04191e-13 -3.21759e-28 1.93489e-28 1.03119e-10
26.2052 10.7781 10.3978 -6.63093e-18 3.3103e-17 -1.91731e-17 -1.79139e-17 -2.52022e-17 -4.91e-07
10.7781 26.2052 10.3978 -5.64999e-18 1.02826e-17 -3.17078e-17 -1.57952e-16 -9.48109e-18 -4.91e-07
10.3978 10.3978 26.0689 -4.86727e-17 -9.26958e-17 -2.91382e-17 7.5179e-17 -8.66379e-17 -9.7362e-17
0.0775194 -4.19809e-14 -4.04303e-14 1.03389e-26 3.64814e-17 5.48145 -4.35716e-22 2.34412e-18 -1.09198e-22
-4.38049e-14 0.0775194 -4.16673e-14 5.48145 1.58752e-29 3.0232e-17 2.50831e-22 3.31597e-24 1.48582e-22
0.0775194 -4.35163e-14 -4.57958e-14 -1.1221e-29 5.48145 -6.26151e-17 2.12628e-22 -2.68853e-22 -2.76192e-22
-1.16912e-12 3.50983e-13 -8.1294e-12 8.06871e-13 -1.3649e-12 5.65266e-13 1.0625e-10 -1.38226e-27 1.23983e-19
1.53481e-12 4.52703e-12 5.92983e-12 -1.17684e-12 9.05097e-14 -1.64402e-12 -2.2933e-28 1.0625e-10 -6.59308e-20
-9.82e-05 -9.82e-05 6.3e-05 1.98088e-12 -1.98651e-12 -1.03965e-12 -8.13597e-28 4.89914e-28 1.03119e-10
